10.413939
13.158489
12.220434
10.983070
9.269468
11.050098
10.002384
10.668463
8.097795
13.811509
11.789311
7.208604
11.553727
11.747348
8.085162
8.403252
11.696238
7.458625
7.589210
9.620615
7.475812
10.394854
8.899879
9.443089
11.739994
10.485377
13.851061
12.256989
14.787424
9.835242
11.146831
9.791380
11.922329
11.047032
5.084703
8.797226
10.237985
9.806853
10.979982
6.666364
8.127126
10.549847
8.621989
10.416422
6.062668
10.216788
12.755381
14.670366
8.942346
8.587244
9.776757
8.645246
13.616406
12.199611
7.723212
10.589918
13.424915
5.284912
10.800238
13.227930
7.182281
9.782662
7.741812
9.433439
9.627404
12.440367
9.551253
11.758286
10.323655
10.692629
6.077684
9.436098
8.923179
11.523413
10.134930
7.581103
10.361094
12.687494
9.139726
6.945083
8.487535
11.683195
10.081193
7.936296
12.200871
10.342752
9.982123
7.982763
8.384954
11.628113
10.805770
7.135869
11.513292
8.406971
11.908401
11.611861
9.614143
7.448965
9.310454
11.199011
