0.609783
-0.665844
1.374280
0.924066
-0.733121
0.179428
-1.399387
0.245216
0.313810
-0.781076
-0.375345
1.474948
1.598892
-0.467156
3.078159
1.109030
0.707586
0.159633
0.607534
0.122459
-0.217582
-0.723006
1.427502
-0.027350
-0.878283
1.350631
-0.207539
-0.426570
0.282800
-1.297031
0.214810
1.353703
0.011044
0.863024
-0.631110
1.390484
-1.591339
1.834674
0.965741
-0.926346
-0.717951
-0.214367
0.344138
0.146557
1.206760
-1.277255
-1.959666
0.447906
-1.712219
-0.874719
0.841771
0.506882
-0.852763
0.494099
0.086972
-0.178552
-1.268616
-1.016960
0.025465
2.218371
-1.139994
1.234450
-0.346293
0.812557
0.106798
2.146167
-0.525340
-0.910196
0.342624
-0.215573
-0.375931
0.244045
-0.634237
-0.892277
-1.017936
-0.969223
1.244472
0.194166
-0.209896
-0.697073
0.215449
-0.134398
-1.189375
-0.095539
-1.526005
0.626121
2.863485
-0.103391
0.385343
0.940025
-0.371778
0.291385
-0.434322
-0.285886
-0.385741
-1.092872
-0.987606
-0.817829
-1.183704
0.406680
